$ANSIBLE_VAULT;1.1;AES256
37636238316139396538336130333337373936323338333961336536356534633037396430363839
6466623631633366323965393566373830386232633730300a333939356139313237346537346230
33623939353466333239363866313236396466643532356364313961633034656531663939303539
3038663136616434310a633262323135366631376333313661356335303561663336303835656663
66636130663164636566623830363332653230343536383135646366303034326266303133653632
34393563356562663763366335306664313333313836363430613262376637313033636261616362
34383735373762616361336532633939306237316331306330633532373766306164356634656137
64653431616364356637636465373137363334326333636534323934323366303730386337666661
30333933353864623132633638613938656234346436613438343231303365393464383238666336
65333535303065353939376466636362363562316663623365646366363036363933613934643136
37373834663939613964343563343566616436353134623732626331613335663838396532333338
62363134363733623534646464643164316636373538643138313032303565636235626532396438
35316633616533323466323461343536623235633637616639383265616538343638613365663337
64346164393032666435366166663432626462366132356364373336613761663437643461316163
62316664356165663733643736636334393930373534333463633439633537373532343135656134
65633537303130356433313366393139303366323838643335653433623037633435616636613366
37306232646162313638653862396363646565646162376265366462373232633065323330633236
39633732663564623431633231363261383634343635306565393231356139303864353230336430
64323031303536363166653831333330326233326563383430323861643565623062646464346334
34643231626136623635393837623035636464376465316565373338376661653632383234396262
36393963666665653030626162303830343139346162653139643764653433653131356663336534
31656135326466373235333137326261633832633564343465333239623337373532333566326136
66323566366634653565343030656536323432323466626563313364643037336639343439613535
61366262316663356132663836313136616634643361393365386661356530633136376538373766
66343464326661323534613231636130343865323235653465633137383735373336356561356437
30306631396336336536633739353535346366336664373264353362656434396663613566613266
66643563646438343435363266626562623365323566623166333861663332343035383031613237
37613238393766366339366433376134306463383838663733386463616537643037666565393063
64303933333066366435666461393534656431313639646138373138663030623464656231376366
62303564643237393563656533306465323733393164633265643965353539643132383964333038
31646461343166643537383036363631383766333937306235303466363864366665313931653663
36383633616433663866326139333136393334646439623632393131373435613130333339623336
33313734393163383238376635633666306234373061303531316332623636323138666237643738
35303036353832333335336132346261343365336365373463633137613564323635396333333561
62396439386662386566356439393865363335316633653830616464356265383835373764613732
36363336313761393231633837353439626332326165383638636362306364353964623733336262
35616137356432646531653263333662343962343830383833356362363239306133373964326435
32313030366663396137333137363033323536666634346330303039306561316361353066393866
30336239376133326462343632653732346430346433316139633361646237623561336565386232
34376337386236343866623664643436643532333535306637333762376565626365653463366434
39336538373332303331663137633164663134633138613661666239666334623437383230613463
35636461376665393239666362323366333537393234613763663862333566353439343865646331
63623565316439333031626331373936626430343135313263633365333363356163626534303530
38316333333330633930353537396562633735306364636464653534393963376136633364333631
32383365303735386336343639333361636635343435383034663635373835663531386633346233
63396532303765363065396131393032386534376135336534313863626635626561333630333463
64346364636465323537373937363630386264643138326166616533353061323033323437386266
32613066306137366161303161353439623763643239653438306364363235623937613532656235
32643462316635343364396239633933633064633532323365616666653134613437663539396265
64326561306334383933393866613734383865646130393738326436666363393839626561396463
37666166626261333333323532393231313130646662313231653335373239326435306432396338
33333565363866626165356163313932386336616666306266383538306437373337373234366436
35646332663234653530336636643732373835613435353030396566663633626530633332613266
66353831663337643733646234653431653732623165396537373639383961616535623566386230
35653136326436346165386161633739333361373865383035653837633539633561373364316131
39313239643536356232373865363334343435616466656533666366333832393064343166316564
66343965646337366630616164623534393639303666373137333963396666316631353966336462
3034373033653166646637346538373461313863393165633935
